CSP	len	n	d	d_avg	e	AC_Time	BC_Time

aim-50-2-0-unsat-2	5264	50	2	2	94	0.71	0.65
AllInterval-007	682	25	13	7.96	20	0.07	0.07
AllInterval-012	870	45	23	14.2	35	0.14	0.13
AllInterval-016	1026	61	31	19.1967	47	0.20	0.19
AllInterval-035	1767	137	69	42.9416	104	0.65	0.91
AllInterval-050	2352	197	99	61.6904	149	1.42	5.27
AllInterval-080	3522	317	159	99.1893	239	6.65	203.52
bdd-15-21-2-2713-79-08	381187	21	2	2	2713	41.39	40.37
bqwh-15-106-35_X2	5400	106	6	3.91509	30	0.43	4.53
bqwh-15-106-36_X2	5249	106	6	3.4434	30	0.21	1.46
bqwh-18-141-09_X2	7073	141	6	3.6383	36	7.99	597.87
bqwh-18-141-31_X2	7140	141	7	3.96454	36	0.33	828.42
bqwh-18-141-83_X2	7025	141	6	3.52482	36	5.18	837.63
ColouredQueens-03	928	9	3	3	12	0.01	0.01
composed-25-01-25-3	43579	33	10	9.90909	247	0.09	0.04
composed-25-10-20-5	135120	105	10	10	620	0.31	1481.76
Crossword-m1c-ogd-h2310	4852190	529	26	25.9792	156	40.89	83.52
Crossword-m1c-uk-vg-4-8	750581	32	26	26	12	11.39	14.81
Crossword-m1c-words-p20	227601	81	26	26	24	0.65	0.58
driverlogw-01c	9027	71	4	2.49296	217	0.02	0.02
driverlogw-04c	210909	272	11	3.77206	3876	3.03	50.28
Dubois-021	2411	63	2	2	42	149.08	140.53
Dubois-022	2489	66	2	2	44	303.95	291.51
ehi-85-297-30	154896	297	7	7	4121	84.50	0.33
ehi-85-297-98	155039	297	7	6.9899	4124	0.32	0.34
ehi-90-315-13	163879	315	7	6.99365	4391	0.27	0.30
ehi-90-315-37	164110	315	7	6.99365	4374	0.34	0.33
geometric-50-20-d4-75-03	278930	50	20	20	394	0.50	0.51
geometric-50-20-d4-75-54	293511	50	20	20	412	0.30	0.66
jnh-012	68715	100	2	1.88	848	0.17	0.12
jnh-213	64631	100	2	1.86	797	0.12	0.08
jnh-302	72835	100	2	1.62	898	0.09	0.13
Kakuro-easy-015-sumdiff	7123	194	9	4.84536	108	0.07	0.05
Kakuro-easy-079-sumdiff	12527	344	9	4.20058	208	0.13	0.11
Kakuro-easy-084-ext	246628	240	9	3.8	100	0.48	0.40
Kakuro-easy-109-ext	779716	256	9	3.375	100	0.97	1.15
Kakuro-easy-150-ext	683261	256	9	4.22266	88	0.79	0.78
Kakuro-easy-164-sumdiff	11361	344	9	5.63081	176	0.30	0.30
Kakuro-hard-179-sumdiff	28557	996	9	4.67771	584	2.02	666.57
Kakuro-medium-016-ext	57860	140	9	4.08571	58	0.15	0.15
Kakuro-medium-020-ext	36374	140	9	4.37143	54	0.09	0.09
Kakuro-medium-055-sumdiff	8576	234	9	4.70085	132	0.09	0.05
Kakuro-medium-162-ext	14107625	256	9	3.875	92	13.81	14.25
Langford-3-05	741	25	11	7	21	0.12	0.12
Langford-4-04	819	28	9	3.5	25	0.13	0.15
Langford-4-05	936	35	14	8	31	0.17	0.17
MagicHexagon-02-0000	1531	18	7	1.66667	16	0.14	0.09
MagicSquare-3-sum	861	17	9	5.23529	9	0.02	0.01
MagicSquare-3-table	1890	9	9	9	9	0.01	0.01
MagicSquare-4-table	67492	16	16	16	11	0.24	0.11
MagicSquare-5-table	7149205	25	25	25	13	139.94	1627.44
MarketSplit-03	947	151	100	39.3377	121	1149.24	264.75
MarketSplit-05	948	153	99	38.7843	123	674.29	309.90
MarketSplit-07	971	152	100	40.7368	122	595.51	148.30
MarketSplit-08	920	154	100	39.2468	124	292.73	115.03
MarketSplit-09	960	152	100	40.0329	122	570.38	270.14
MarketSplit-10	962	151	100	41.3377	121	243.32	142.11
MultiKnapsack-1-03	2003	235	2536	74.7149	215	14.62	0.87
MultiKnapsack-2-41	1047	136	1126	50.0294	109	73.21	2.90
MultiKnapsack-2-48	1153	180	1126	49.5778	145	811.88	43.36
Nonogram-018-table	3036260	576	2	1.37153	48	3.14	2.98
Nonogram-035-table	381091	576	2	1.75868	48	2.48	2.49
Nonogram-096-table	6589479	576	2	1.73785	48	5.79	5.73
Nonogram-168-table	1005747	400	1	1	40	1.20	1.04
Nonogram-177-table	2858292	1024	2	1.12402	64	2.57	2.69
Nonogram-180-table	30929210	1024	2	1.20703	64	32.95	34.15
Pb-queen-0974553	10843	1137	39	3.12665	968	25.70	3.47
pigeonsPlus-07-05	87421	42	7	6.83333	35	17.76	8.76
pigeonsPlus-08-04	23837	40	8	7.8	44	52.36	28.48
pigeonsPlus-09-03	6195	36	9	8.75	54	239.93	143.16
Primes-10-20-3-3	3133	213	784	129.488	113	10.79	0.04
Primes-10-60-3-3	9126	444	784	164.903	344	46.51	659.36
Primes-15-20-2-5	3218	219	2116	351.187	119	168.98	0.16
Primes-20-40-2-1	5412	241	3574	287.353	141	71.23	0.05
PropStress-0020	9010	293	24	3.97952	251	1297.90	1.30
qwh-10-57-7_X2	30592	100	5	2.31	900	0.11	0.10
rand-2-30-15-306-230f-09	103662	30	15	15	227	8.51	65.62
rand-2-40-11-414-020-23	92537	40	11	11	414	46.38	328.02
rand-2-40-11-414-020-35	92062	40	11	11	414	4.67	68.40
rand-5-12-12-200-12442-38	29468209	12	12	12	200	642.24	846.58
rand-5-12-12-200-t95-3	29464388	12	12	12	200	701.10	803.31
rand-5-2X-05c-15	32519242	12	12	10.0833	112	558.94	1837.32
Renault	3012043	101	42	4.45545	134	3.87	3.66
Renault-medium-pos	126890	148	20	2.86486	174	0.27	0.30
Renault-megane-pos	3007116	99	42	3.9798	113	3.05	3.53
Renault-mgd	3003865	101	42	4.45545	113	3.74	3.48
Renault-small	23797	139	16	2.44604	147	0.08	0.06
Renault-souffleuse	4495	32	12	4.53125	35	0.01	0.02
RenaultMod-09	3096538	111	42	4.95495	147	740.11	1032.59
Sat-flat200-06-dual	594602	2237	4	3.08941	16329	470.44	261.04
Sat-flat200-14-dual	586693	2237	4	3.08941	16113	1.34	179.40
Sat-flat200-32-dual	594278	2237	4	3.08941	16314	130.75	13.55
Sat-flat200-55-dual	591422	2237	4	3.08941	16233	146.12	1147.39
Sat-flat200-65-sum	77477	6911	3	2.02894	6311	127.33	117.12
Sat-flat200-67-dual	587979	2237	4	3.08941	16143	138.31	688.10
SchurrLemma-mod-012-9	1330	12	9	9	30	6.88	39.40
SchurrLemma-mod-015-9	2032	15	9	9	49	9.45	37.19
SchurrLemma-mod-020-9	3570	20	9	9	90	11.85	42.86
SchurrLemma-mod-030-9	8120	30	9	9	210	17.74	58.30
SchurrLemma-mod-050-9	23070	50	9	9	600	33.20	100.52
SchurrLemma-mod-100-9	94571	100	9	9	2450	116.89	301.21
Subisomorphism-A-15	28580	180	200	154.978	480	2.61	13.11
Subisomorphism-g07-g39	8807	20	1	1	101	0.06	0.05
Subisomorphism-g08-g31	15901	30	100	100	63	4.83	7.06
Subisomorphism-g10-g35	9009	41	120	102.293	81	0.05	0.04
Subisomorphism-si2-b09-m200-02	19532	40	200	200	155	0.30	0.21
Subisomorphism-si6-b03-m800-07	46026	480	800	800	718	1.23	1.43
TravellingSalesman-20-076_X2	195588	61	70	48.4098	230	50.54	1407.10
TravellingSalesman-25-066_X2	92115	76	62	45.7763	350	28.76	224.92
TravellingSalesman-4-20-001-a4_X2	416729	61	52	36.459	228	60.84	448.12


bdd-15-21-2-2713-79-16	379952	21	2	2	2713	2326.85	X
color_X2	430725	500	5	5	12458	68.21	X
composed-25-01-25-4	43566	33	10	10	247	0.09	X
composed-75-01-25-6	112770	83	10	10	647	0.22	X
cril-5_X2	34961	42	81	65.5714	861	55.06	X
Crossword-m1c-lex-h1501	269527	225	26	25.9111	78	11.34	X
driverlogw-02c	187260	301	8	3.72425	4055	110.01	X
driverlogw-08c	422621	408	11	3.8799	9321	263.16	X
driverlogw-08cc	422944	408	11	3.8799	9321	254.62	X
geometric-50-20-d4-75-46	306070	50	20	20	433	13.79	X
rand-2-23-23-253-131-0	227728	23	23	23	253	673.35	X
rand-2-23-23-253-131-1	227862	23	23	23	253	663.37	X
TravellingSalesman-20-142_X2	189160	61	115	70.2787	230	1640.18	X
TravellingSalesman-25-003_X2	135296	76	62	45.9211	350	190.14	X
TravellingSalesman-4-20-727-a4_X2	539084	61	74	50.8197	228	708.48	X


MultiKnapsack-1-5_X2	1323	239	4106	90.2218	200	X	95.23
MultiKnapsack-2-16	1517	274	1181	71.0547	234	X	76.94
MultiKnapsack-2-21	1699	342	1361	70.7135	292	X	46.15
MultiKnapsack-2-22	1699	342	1501	71.9123	292	X	163.88
Sat-flat200-80-dual	589310	2237	4	3.08941	16182	X	1574.29


aim-100-2-0-unsat-2	9182	100	2	2	192	X	X
aim-200-1-6-sat-3	14414	200	2	2	311	X	X
bdd-18-21-2-133-78-06	2146167	21	2	2	133	X	X
bdd-18-21-2-133-78-24	2139667	21	2	2	133	X	X
Blackhole-4-04-2_X2	16317	64	15	9.40625	432	X	X
Blackhole-4-04-9_X2	16319	64	15	9.40625	432	X	X
Blackhole-4-07-6_X2	45550	112	27	17.6161	1262	X	X
Blackhole-4-07h-5_X2	45548	112	27	17.6161	1262	X	X
Blackhole-4-07h-9_X2	45549	112	27	17.6161	1262	X	X
Blackhole-4-13-2_X2	149989	208	51	34.0913	4218	X	X
ColouredQueens-10	3422	100	10	10	54	X	X
ColouredQueens-11	3949	121	11	11	60	X	X
ColouredQueens-12	4519	144	12	12	66	X	X
ColouredQueens-14	5779	196	14	14	78	X	X
ColouredQueens-19	9629	361	19	19	108	X	X
CoveringArray-elt-3-04-2-08	2594	96	8	5.66667	44	X	X
CoveringArray-elt-3-04-2-09	2622	100	9	6.08	45	X	X
CoveringArray-elt-3-06-2-12	12550	560	12	7.14286	192	X	X
CoveringArray-elt-3-07-2-12	25974	980	12	7.14286	327	X	X
CoveringArray-elt-3-09-2-12	126150	2352	12	7.14286	768	X	X
CoveringArray-elt-3-10-2-12	303332	3360	12	7.14286	1092	X	X
cril-1_X2	197672	680	34	25.9588	4015	X	X
cril-3_X2	305175	208	10	8.07692	2032	X	X
cril-7_X2	29545	36	9	8.22222	153	X	X
Crossword-m1c-ogd2008-vg-11-12	5526811	132	26	26	23	X	X
Crossword-m1c-ogd2008-vg-13-13	2247749	169	26	26	26	X	X
driverlogw-09	877547	650	12	4.41846	17447	X	X
Dubois-025	2723	75	2	2	50	X	X
Dubois-050	4774	150	2	2	100	X	X
Dubois-080	7294	240	2	2	160	X	X
Dubois-090	8134	270	2	2	180	X	X
geometric-50-20-d4-75-14	316216	50	20	20	447	X	X
GracefulGraph-K03-P04	1782	99	43	25.7879	65	X	X
GracefulGraph-K10-P04	11806	890	421	259.831	632	X	X
GracefulGraph-K10-P09	26436	2040	971	600.588	1457	X	X
GracefulGraph-K11-P04	14182	1067	507	313.268	761	X	X
GracefulGraph-K12-P09	37690	2880	1381	855.59	2072	X	X
GracefulGraph-K14-P07	39535	2996	1443	894.785	2165	X	X
Kakuro-medium-191-sumdiff	26605	958	9	5.49269	508	X	X
Langford-2-18	1080	54	34	25.5	37	X	X
Langford-3-70	6177	350	206	137	281	X	X
Langford-4-35	4679	245	134	83	211	X	X
LangfordBin-16	2049	112	30	14.5	64	KILLED	X
LangfordBin-18	2241	126	34	16.3571	72	KILLED	X
LangfordBin-19	2337	133	36	17.2857	76	KILLED	X
LangfordBin-30	3393	210	58	27.5	120	KILLED	X
LangfordBin-45	4833	315	88	41.4286	180	KILLED	X
LangfordBin-90	9316	630	178	83.2143	360	KILLED	X
lard-83-83	78254169	KILLED
lard-85-85	86189257	KILLED
lard-90-90	108698362	KILLED
lard-92-92	118822419	KILLED
MagicHexagon-08-0051	4170	270	169	140.967	52	X	X
MagicHexagon-08-0081	4170	270	169	135.415	52	X	X
MagicHexagon-10-m021	5577	418	271	234.16	64	X	X
MagicHexagon-11-0066	6395	504	331	289.732	70	X	X
MagicHexagon-11-m186	6397	504	331	289.732	70	X	X
MagicSquare-18-sum	1999	362	324	290.094	39	X	X
MagicSquare-22-sum	2311	530	484	442.079	47	KILLED
MagicSquare-23-sum	2389	577	529	485.076	49	KILLED
MagicSquare-25-sum	2545	677	625	577.071	53	KILLED
MagicSquare-26-sum	2623	730	676	626.068	55	KILLED
MagicSquare-6-table	1219321087	KILLED
mdd-7-25-5-56-02	33268566	25	5	5	56	X	X
mdd-7-25-5-56-16	33123925	25	5	5	56	X	X
mdd-7-25-5-ps05-psh07-4	34014332	25	5	5	58	X	X
mdd-7-25-5-ps05-psh09-3	33989371	25	5	5	58	X	X
MultiKnapsack-1-6_X2	1599	308	4261	101.101	258	X	X
Pb-chnl15-16	5390	1022	15	2.40705	542	X	X
Pb-NG-K145	1170646	69191	144	2.80448	51936	X	X
Pb-pigeon-card-085-080	58592	13765	80	2.48166	6965	X	X
Pb-Tate-K097	425681	26510	96	2.75217	19914	X	X
Pb-Tate-K108	474530	29524	107	2.76219	22180	X	X
pigeonsPlus-07-08	28555354	63	7	6.88889	35	X	X
pigeonsPlus-07-09	191478108	70	7	6.9	35	X	X
pigeonsPlus-11-04	93551	55	11	10.8	77	X	X
Primes-15-60-3-5	9799	505	2116	607.596	405	X	X
Primes-30-60-3-1	8699	375	9493	1201.3	275	KILLED
PropStress-0100	183321	5453	124	5.2826	5251	KILLED
PropStress-0150	413696	11928	187	5.43	11626	KILLED
PropStress-0250	1151946	32378	312	5.55374	31876	KILLED
PropStress-0450	3738448	103278	562	5.63933	102376	KILLED
PropStress-0600	6649573	182703	749	5.66661	181501	KILLED
rand-15-23-3-16-150000-18	74402820	23	3	3	16	X	X
rand-2-25-25-300-147-6	302703	25	25	25	300	X	X
rand-2-26-26-325-155-2	345541	26	26	26	325	X	X
rand-2-40-180-84-090-51	2123889	40	180	180	84	X	X
rand-2-40-19-443-230-30	232830	40	19	19	334	X	X
rand-2-40-80-103-080-39	900886	40	80	80	103	X	X
rand-3-20-20-60-632-40	1507723	20	20	20	60	X	X
rand-3-28-28-93-632f-05	6718509	28	28	28	93	X	X
reg-s20-p03-c20-d10-n10-l5-24	74911	130	20	13.6846	100	X	X
reg-s20-p03-c20-d10-n10-l5-30	77601	130	20	13.6385	100	X	X
reg-s20-p03-c20-d10-n10-l5-40	80048	130	20	13.7615	100	X	X
reg-s20-p03-c20-d10-n10-l5-73	76809	130	20	13.5846	100	X	X
RenaultMod-12	3051648	111	42	4.94595	149	X	X
RenaultMod-18	3053453	111	42	4.93694	149	X	X
RenaultMod-21	3146823	111	42	4.95495	159	X	X
RenaultMod-24	3129351	111	42	4.95495	159	X	X
RenaultMod-40	3044227	108	42	4.65741	149	X	X
Sat-flat200-13-sum	77534	6911	3	2.02894	6311	X	X
Sat-flat200-23-sum	77527	6911	3	2.02894	6311	X	X
Sat-flat200-24-sum	77471	6911	3	2.02894	6311	X	X
Sat-flat200-37-sum	77499	6911	3	2.02894	6311	X	X
Sat-flat200-67-sum	77520	6911	3	2.02894	6311	X	X
sudoku368_X2	26694	1309	11	1.81589	75	X	X
Wwtpp-ord-ex02280	582273	870	10001	3264.1	586	KILLED
Wwtpp-ord-ex03380	582273	870	10001	2825.33	586	KILLED
Wwtpp-ord-ex05480	582273	870	10001	1935.07	586	KILLED
Wwtpp-ord-ex06460	582273	870	10001	1965.62	586	KILLED
Wwtpp-ord-ex07180	582273	870	10001	1983	586	KILLED
Wwtpp-ord-ex08540	582273	870	10001	2015.83	586	KILLED
